/*a1:*/{0,184,584,1208,1608,2232,2760,3384,184,193,569,1097,1721,2249,2745,3273,584,569,706,1210,1610,2234,2762,3386,1208,1097,1210,1091,1723,2251,2747,3275,1608,1721,1610,1723,1732,2236,2764,3388,2232,2249,2234,2251,2236,2245,2877,3277,2760,2745,2762,2747,2764,2877,2758,3390,3384,3273,3386,3275,3388,3277,3390,3399,},
/*b1:*/{184,0,184,584,1208,1608,2232,2760,65,184,65,569,1097,1721,2249,2745,569,584,569,706,1210,1610,2234,2762,1097,1208,1097,1210,1091,1723,2251,2747,1721,1608,1721,1610,1723,1732,2236,2764,2249,2232,2249,2234,2251,2236,2245,2877,2745,2760,2745,2762,2747,2764,2877,2758,3273,3384,3273,3386,3275,3388,3277,3390,},
/*c1:*/{584,184,0,184,584,1208,1608,2232,569,65,184,65,569,1097,1721,2249,706,569,584,569,706,1210,1610,2234,1210,1097,1208,1097,1210,1091,1723,2251,1610,1721,1608,1721,1610,1723,1732,2236,2234,2249,2232,2249,2234,2251,2236,2245,2762,2745,2760,2745,2762,2747,2764,2877,3386,3273,3384,3273,3386,3275,3388,3277,},
/*d1:*/{1208,584,184,0,184,584,1208,1608,1097,569,65,184,65,569,1097,1721,1210,706,569,584,569,706,1210,1610,1091,1210,1097,1208,1097,1210,1091,1723,1723,1610,1721,1608,1721,1610,1723,1732,2251,2234,2249,2232,2249,2234,2251,2236,2747,2762,2745,2760,2745,2762,2747,2764,3275,3386,3273,3384,3273,3386,3275,3388,},
/*e1:*/{1608,1208,584,184,0,184,584,1208,1721,1097,569,65,184,65,569,1097,1610,1210,706,569,584,569,706,1210,1723,1091,1210,1097,1208,1097,1210,1091,1732,1723,1610,1721,1608,1721,1610,1723,2236,2251,2234,2249,2232,2249,2234,2251,2764,2747,2762,2745,2760,2745,2762,2747,3388,3275,3386,3273,3384,3273,3386,3275,},
/*f1:*/{2232,1608,1208,584,184,0,184,584,2249,1721,1097,569,65,184,65,569,2234,1610,1210,706,569,584,569,706,2251,1723,1091,1210,1097,1208,1097,1210,2236,1732,1723,1610,1721,1608,1721,1610,2245,2236,2251,2234,2249,2232,2249,2234,2877,2764,2747,2762,2745,2760,2745,2762,3277,3388,3275,3386,3273,3384,3273,3386,},
/*g1:*/{2760,2232,1608,1208,584,184,0,184,2745,2249,1721,1097,569,65,184,65,2762,2234,1610,1210,706,569,584,569,2747,2251,1723,1091,1210,1097,1208,1097,2764,2236,1732,1723,1610,1721,1608,1721,2877,2245,2236,2251,2234,2249,2232,2249,2758,2877,2764,2747,2762,2745,2760,2745,3390,3277,3388,3275,3386,3273,3384,3273,},
/*h1:*/{3384,2760,2232,1608,1208,584,184,0,3273,2745,2249,1721,1097,569,193,184,3386,2762,2234,1610,1210,706,569,584,3275,2747,2251,1723,1091,1210,1097,1208,3388,2764,2236,1732,1723,1610,1721,1608,3277,2877,2245,2236,2251,2234,2249,2232,3390,2758,2877,2764,2747,2762,2745,2760,3399,3390,3277,3388,3275,3386,3273,3384,},
/*a2:*/{184,65,569,1097,1721,2249,2745,3273,0,184,584,1208,1608,2232,2760,3384,184,65,569,1097,1721,2249,2745,3273,584,569,706,1210,1610,2234,2762,3386,1208,1097,1210,1091,1723,2251,2747,3275,1608,1721,1610,1723,1732,2236,2764,3388,2232,2249,2234,2251,2236,2245,2877,3277,2760,2745,2762,2747,2764,2877,2758,3390,},
/*b2:*/{193,184,65,569,1097,1721,2249,2745,184,0,184,584,1208,1608,2232,2760,65,184,65,569,1097,1721,2249,2745,569,584,569,706,1210,1610,2234,2762,1097,1208,1097,1210,1091,1723,2251,2747,1721,1608,1721,1610,1723,1732,2236,2764,2249,2232,2249,2234,2251,2236,2245,2877,2745,2760,2745,2762,2747,2764,2877,2758,},
/*c2:*/{569,65,184,65,569,1097,1721,2249,584,184,0,184,584,1208,1608,2232,569,65,184,65,569,1097,1721,2249,706,569,584,569,706,1210,1610,2234,1210,1097,1208,1097,1210,1091,1723,2251,1610,1721,1608,1721,1610,1723,1732,2236,2234,2249,2232,2249,2234,2251,2236,2245,2762,2745,2760,2745,2762,2747,2764,2877,},
/*d2:*/{1097,569,65,184,65,569,1097,1721,1208,584,184,0,184,584,1208,1608,1097,569,65,184,65,569,1097,1721,1210,706,569,584,569,706,1210,1610,1091,1210,1097,1208,1097,1210,1091,1723,1723,1610,1721,1608,1721,1610,1723,1732,2251,2234,2249,2232,2249,2234,2251,2236,2747,2762,2745,2760,2745,2762,2747,2764,},
/*e2:*/{1721,1097,569,65,184,65,569,1097,1608,1208,584,184,0,184,584,1208,1721,1097,569,65,184,65,569,1097,1610,1210,706,569,584,569,706,1210,1723,1091,1210,1097,1208,1097,1210,1091,1732,1723,1610,1721,1608,1721,1610,1723,2236,2251,2234,2249,2232,2249,2234,2251,2764,2747,2762,2745,2760,2745,2762,2747,},
/*f2:*/{2249,1721,1097,569,65,184,65,569,2232,1608,1208,584,184,0,184,584,2249,1721,1097,569,65,184,65,569,2234,1610,1210,706,569,584,569,706,2251,1723,1091,1210,1097,1208,1097,1210,2236,1732,1723,1610,1721,1608,1721,1610,2245,2236,2251,2234,2249,2232,2249,2234,2877,2764,2747,2762,2745,2760,2745,2762,},
/*g2:*/{2745,2249,1721,1097,569,65,184,193,2760,2232,1608,1208,584,184,0,184,2745,2249,1721,1097,569,65,184,65,2762,2234,1610,1210,706,569,584,569,2747,2251,1723,1091,1210,1097,1208,1097,2764,2236,1732,1723,1610,1721,1608,1721,2877,2245,2236,2251,2234,2249,2232,2249,2758,2877,2764,2747,2762,2745,2760,2745,},
/*h2:*/{3273,2745,2249,1721,1097,569,65,184,3384,2760,2232,1608,1208,584,184,0,3273,2745,2249,1721,1097,569,65,184,3386,2762,2234,1610,1210,706,569,584,3275,2747,2251,1723,1091,1210,1097,1208,3388,2764,2236,1732,1723,1610,1721,1608,3277,2877,2245,2236,2251,2234,2249,2232,3390,2758,2877,2764,2747,2762,2745,2760,},
/*a3:*/{584,569,706,1210,1610,2234,2762,3386,184,65,569,1097,1721,2249,2745,3273,0,184,584,1208,1608,2232,2760,3384,184,65,569,1097,1721,2249,2745,3273,584,569,706,1210,1610,2234,2762,3386,1208,1097,1210,1091,1723,2251,2747,3275,1608,1721,1610,1723,1732,2236,2764,3388,2232,2249,2234,2251,2236,2245,2877,3277,},
/*b3:*/{569,584,569,706,1210,1610,2234,2762,65,184,65,569,1097,1721,2249,2745,184,0,184,584,1208,1608,2232,2760,65,184,65,569,1097,1721,2249,2745,569,584,569,706,1210,1610,2234,2762,1097,1208,1097,1210,1091,1723,2251,2747,1721,1608,1721,1610,1723,1732,2236,2764,2249,2232,2249,2234,2251,2236,2245,2877,},
/*c3:*/{706,569,584,569,706,1210,1610,2234,569,65,184,65,569,1097,1721,2249,584,184,0,184,584,1208,1608,2232,569,65,184,65,569,1097,1721,2249,706,569,584,569,706,1210,1610,2234,1210,1097,1208,1097,1210,1091,1723,2251,1610,1721,1608,1721,1610,1723,1732,2236,2234,2249,2232,2249,2234,2251,2236,2245,},
/*d3:*/{1210,706,569,584,569,706,1210,1610,1097,569,65,184,65,569,1097,1721,1208,584,184,0,184,584,1208,1608,1097,569,65,184,65,569,1097,1721,1210,706,569,584,569,706,1210,1610,1091,1210,1097,1208,1097,1210,1091,1723,1723,1610,1721,1608,1721,1610,1723,1732,2251,2234,2249,2232,2249,2234,2251,2236,},
/*e3:*/{1610,1210,706,569,584,569,706,1210,1721,1097,569,65,184,65,569,1097,1608,1208,584,184,0,184,584,1208,1721,1097,569,65,184,65,569,1097,1610,1210,706,569,584,569,706,1210,1723,1091,1210,1097,1208,1097,1210,1091,1732,1723,1610,1721,1608,1721,1610,1723,2236,2251,2234,2249,2232,2249,2234,2251,},
/*f3:*/{2234,1610,1210,706,569,584,569,706,2249,1721,1097,569,65,184,65,569,2232,1608,1208,584,184,0,184,584,2249,1721,1097,569,65,184,65,569,2234,1610,1210,706,569,584,569,706,2251,1723,1091,1210,1097,1208,1097,1210,2236,1732,1723,1610,1721,1608,1721,1610,2245,2236,2251,2234,2249,2232,2249,2234,},
/*g3:*/{2762,2234,1610,1210,706,569,584,569,2745,2249,1721,1097,569,65,184,65,2760,2232,1608,1208,584,184,0,184,2745,2249,1721,1097,569,65,184,65,2762,2234,1610,1210,706,569,584,569,2747,2251,1723,1091,1210,1097,1208,1097,2764,2236,1732,1723,1610,1721,1608,1721,2877,2245,2236,2251,2234,2249,2232,2249,},
/*h3:*/{3386,2762,2234,1610,1210,706,569,584,3273,2745,2249,1721,1097,569,65,184,3384,2760,2232,1608,1208,584,184,0,3273,2745,2249,1721,1097,569,65,184,3386,2762,2234,1610,1210,706,569,584,3275,2747,2251,1723,1091,1210,1097,1208,3388,2764,2236,1732,1723,1610,1721,1608,3277,2877,2245,2236,2251,2234,2249,2232,},
/*a4:*/{1208,1097,1210,1091,1723,2251,2747,3275,584,569,706,1210,1610,2234,2762,3386,184,65,569,1097,1721,2249,2745,3273,0,184,584,1208,1608,2232,2760,3384,184,65,569,1097,1721,2249,2745,3273,584,569,706,1210,1610,2234,2762,3386,1208,1097,1210,1091,1723,2251,2747,3275,1608,1721,1610,1723,1732,2236,2764,3388,},
/*b4:*/{1097,1208,1097,1210,1091,1723,2251,2747,569,584,569,706,1210,1610,2234,2762,65,184,65,569,1097,1721,2249,2745,184,0,184,584,1208,1608,2232,2760,65,184,65,569,1097,1721,2249,2745,569,584,569,706,1210,1610,2234,2762,1097,1208,1097,1210,1091,1723,2251,2747,1721,1608,1721,1610,1723,1732,2236,2764,},
/*c4:*/{1210,1097,1208,1097,1210,1091,1723,2251,706,569,584,569,706,1210,1610,2234,569,65,184,65,569,1097,1721,2249,584,184,0,184,584,1208,1608,2232,569,65,184,65,569,1097,1721,2249,706,569,584,569,706,1210,1610,2234,1210,1097,1208,1097,1210,1091,1723,2251,1610,1721,1608,1721,1610,1723,1732,2236,},
/*d4:*/{1091,1210,1097,1208,1097,1210,1091,1723,1210,706,569,584,569,706,1210,1610,1097,569,65,184,65,569,1097,1721,1208,584,184,0,184,584,1208,1608,1097,569,65,184,65,569,1097,1721,1210,706,569,584,569,706,1210,1610,1091,1210,1097,1208,1097,1210,1091,1723,1723,1610,1721,1608,1721,1610,1723,1732,},
/*e4:*/{1723,1091,1210,1097,1208,1097,1210,1091,1610,1210,706,569,584,569,706,1210,1721,1097,569,65,184,65,569,1097,1608,1208,584,184,0,184,584,1208,1721,1097,569,65,184,65,569,1097,1610,1210,706,569,584,569,706,1210,1723,1091,1210,1097,1208,1097,1210,1091,1732,1723,1610,1721,1608,1721,1610,1723,},
/*f4:*/{2251,1723,1091,1210,1097,1208,1097,1210,2234,1610,1210,706,569,584,569,706,2249,1721,1097,569,65,184,65,569,2232,1608,1208,584,184,0,184,584,2249,1721,1097,569,65,184,65,569,2234,1610,1210,706,569,584,569,706,2251,1723,1091,1210,1097,1208,1097,1210,2236,1732,1723,1610,1721,1608,1721,1610,},
/*g4:*/{2747,2251,1723,1091,1210,1097,1208,1097,2762,2234,1610,1210,706,569,584,569,2745,2249,1721,1097,569,65,184,65,2760,2232,1608,1208,584,184,0,184,2745,2249,1721,1097,569,65,184,65,2762,2234,1610,1210,706,569,584,569,2747,2251,1723,1091,1210,1097,1208,1097,2764,2236,1732,1723,1610,1721,1608,1721,},
/*h4:*/{3275,2747,2251,1723,1091,1210,1097,1208,3386,2762,2234,1610,1210,706,569,584,3273,2745,2249,1721,1097,569,65,184,3384,2760,2232,1608,1208,584,184,0,3273,2745,2249,1721,1097,569,65,184,3386,2762,2234,1610,1210,706,569,584,3275,2747,2251,1723,1091,1210,1097,1208,3388,2764,2236,1732,1723,1610,1721,1608,},
/*a5:*/{1608,1721,1610,1723,1732,2236,2764,3388,1208,1097,1210,1091,1723,2251,2747,3275,584,569,706,1210,1610,2234,2762,3386,184,65,569,1097,1721,2249,2745,3273,0,184,584,1208,1608,2232,2760,3384,184,65,569,1097,1721,2249,2745,3273,584,569,706,1210,1610,2234,2762,3386,1208,1097,1210,1091,1723,2251,2747,3275,},
/*b5:*/{1721,1608,1721,1610,1723,1732,2236,2764,1097,1208,1097,1210,1091,1723,2251,2747,569,584,569,706,1210,1610,2234,2762,65,184,65,569,1097,1721,2249,2745,184,0,184,584,1208,1608,2232,2760,65,184,65,569,1097,1721,2249,2745,569,584,569,706,1210,1610,2234,2762,1097,1208,1097,1210,1091,1723,2251,2747,},
/*c5:*/{1610,1721,1608,1721,1610,1723,1732,2236,1210,1097,1208,1097,1210,1091,1723,2251,706,569,584,569,706,1210,1610,2234,569,65,184,65,569,1097,1721,2249,584,184,0,184,584,1208,1608,2232,569,65,184,65,569,1097,1721,2249,706,569,584,569,706,1210,1610,2234,1210,1097,1208,1097,1210,1091,1723,2251,},
/*d5:*/{1723,1610,1721,1608,1721,1610,1723,1732,1091,1210,1097,1208,1097,1210,1091,1723,1210,706,569,584,569,706,1210,1610,1097,569,65,184,65,569,1097,1721,1208,584,184,0,184,584,1208,1608,1097,569,65,184,65,569,1097,1721,1210,706,569,584,569,706,1210,1610,1091,1210,1097,1208,1097,1210,1091,1723,},
/*e5:*/{1732,1723,1610,1721,1608,1721,1610,1723,1723,1091,1210,1097,1208,1097,1210,1091,1610,1210,706,569,584,569,706,1210,1721,1097,569,65,184,65,569,1097,1608,1208,584,184,0,184,584,1208,1721,1097,569,65,184,65,569,1097,1610,1210,706,569,584,569,706,1210,1723,1091,1210,1097,1208,1097,1210,1091,},
/*f5:*/{2236,1732,1723,1610,1721,1608,1721,1610,2251,1723,1091,1210,1097,1208,1097,1210,2234,1610,1210,706,569,584,569,706,2249,1721,1097,569,65,184,65,569,2232,1608,1208,584,184,0,184,584,2249,1721,1097,569,65,184,65,569,2234,1610,1210,706,569,584,569,706,2251,1723,1091,1210,1097,1208,1097,1210,},
/*g5:*/{2764,2236,1732,1723,1610,1721,1608,1721,2747,2251,1723,1091,1210,1097,1208,1097,2762,2234,1610,1210,706,569,584,569,2745,2249,1721,1097,569,65,184,65,2760,2232,1608,1208,584,184,0,184,2745,2249,1721,1097,569,65,184,65,2762,2234,1610,1210,706,569,584,569,2747,2251,1723,1091,1210,1097,1208,1097,},
/*h5:*/{3388,2764,2236,1732,1723,1610,1721,1608,3275,2747,2251,1723,1091,1210,1097,1208,3386,2762,2234,1610,1210,706,569,584,3273,2745,2249,1721,1097,569,65,184,3384,2760,2232,1608,1208,584,184,0,3273,2745,2249,1721,1097,569,65,184,3386,2762,2234,1610,1210,706,569,584,3275,2747,2251,1723,1091,1210,1097,1208,},
/*a6:*/{2232,2249,2234,2251,2236,2245,2877,3277,1608,1721,1610,1723,1732,2236,2764,3388,1208,1097,1210,1091,1723,2251,2747,3275,584,569,706,1210,1610,2234,2762,3386,184,65,569,1097,1721,2249,2745,3273,0,184,584,1208,1608,2232,2760,3384,184,65,569,1097,1721,2249,2745,3273,584,569,706,1210,1610,2234,2762,3386,},
/*b6:*/{2249,2232,2249,2234,2251,2236,2245,2877,1721,1608,1721,1610,1723,1732,2236,2764,1097,1208,1097,1210,1091,1723,2251,2747,569,584,569,706,1210,1610,2234,2762,65,184,65,569,1097,1721,2249,2745,184,0,184,584,1208,1608,2232,2760,65,184,65,569,1097,1721,2249,2745,569,584,569,706,1210,1610,2234,2762,},
/*c6:*/{2234,2249,2232,2249,2234,2251,2236,2245,1610,1721,1608,1721,1610,1723,1732,2236,1210,1097,1208,1097,1210,1091,1723,2251,706,569,584,569,706,1210,1610,2234,569,65,184,65,569,1097,1721,2249,584,184,0,184,584,1208,1608,2232,569,65,184,65,569,1097,1721,2249,706,569,584,569,706,1210,1610,2234,},
/*d6:*/{2251,2234,2249,2232,2249,2234,2251,2236,1723,1610,1721,1608,1721,1610,1723,1732,1091,1210,1097,1208,1097,1210,1091,1723,1210,706,569,584,569,706,1210,1610,1097,569,65,184,65,569,1097,1721,1208,584,184,0,184,584,1208,1608,1097,569,65,184,65,569,1097,1721,1210,706,569,584,569,706,1210,1610,},
/*e6:*/{2236,2251,2234,2249,2232,2249,2234,2251,1732,1723,1610,1721,1608,1721,1610,1723,1723,1091,1210,1097,1208,1097,1210,1091,1610,1210,706,569,584,569,706,1210,1721,1097,569,65,184,65,569,1097,1608,1208,584,184,0,184,584,1208,1721,1097,569,65,184,65,569,1097,1610,1210,706,569,584,569,706,1210,},
/*f6:*/{2245,2236,2251,2234,2249,2232,2249,2234,2236,1732,1723,1610,1721,1608,1721,1610,2251,1723,1091,1210,1097,1208,1097,1210,2234,1610,1210,706,569,584,569,706,2249,1721,1097,569,65,184,65,569,2232,1608,1208,584,184,0,184,584,2249,1721,1097,569,65,184,65,569,2234,1610,1210,706,569,584,569,706,},
/*g6:*/{2877,2245,2236,2251,2234,2249,2232,2249,2764,2236,1732,1723,1610,1721,1608,1721,2747,2251,1723,1091,1210,1097,1208,1097,2762,2234,1610,1210,706,569,584,569,2745,2249,1721,1097,569,65,184,65,2760,2232,1608,1208,584,184,0,184,2745,2249,1721,1097,569,65,184,65,2762,2234,1610,1210,706,569,584,569,},
/*h6:*/{3277,2877,2245,2236,2251,2234,2249,2232,3388,2764,2236,1732,1723,1610,1721,1608,3275,2747,2251,1723,1091,1210,1097,1208,3386,2762,2234,1610,1210,706,569,584,3273,2745,2249,1721,1097,569,65,184,3384,2760,2232,1608,1208,584,184,0,3273,2745,2249,1721,1097,569,65,184,3386,2762,2234,1610,1210,706,569,584,},
/*a7:*/{2760,2745,2762,2747,2764,2877,2758,3390,2232,2249,2234,2251,2236,2245,2877,3277,1608,1721,1610,1723,1732,2236,2764,3388,1208,1097,1210,1091,1723,2251,2747,3275,584,569,706,1210,1610,2234,2762,3386,184,65,569,1097,1721,2249,2745,3273,0,184,584,1208,1608,2232,2760,3384,184,65,569,1097,1721,2249,2745,3273,},
/*b7:*/{2745,2760,2745,2762,2747,2764,2877,2758,2249,2232,2249,2234,2251,2236,2245,2877,1721,1608,1721,1610,1723,1732,2236,2764,1097,1208,1097,1210,1091,1723,2251,2747,569,584,569,706,1210,1610,2234,2762,65,184,65,569,1097,1721,2249,2745,184,0,184,584,1208,1608,2232,2760,193,184,65,569,1097,1721,2249,2745,},
/*c7:*/{2762,2745,2760,2745,2762,2747,2764,2877,2234,2249,2232,2249,2234,2251,2236,2245,1610,1721,1608,1721,1610,1723,1732,2236,1210,1097,1208,1097,1210,1091,1723,2251,706,569,584,569,706,1210,1610,2234,569,65,184,65,569,1097,1721,2249,584,184,0,184,584,1208,1608,2232,569,65,184,65,569,1097,1721,2249,},
/*d7:*/{2747,2762,2745,2760,2745,2762,2747,2764,2251,2234,2249,2232,2249,2234,2251,2236,1723,1610,1721,1608,1721,1610,1723,1732,1091,1210,1097,1208,1097,1210,1091,1723,1210,706,569,584,569,706,1210,1610,1097,569,65,184,65,569,1097,1721,1208,584,184,0,184,584,1208,1608,1097,569,65,184,65,569,1097,1721,},
/*e7:*/{2764,2747,2762,2745,2760,2745,2762,2747,2236,2251,2234,2249,2232,2249,2234,2251,1732,1723,1610,1721,1608,1721,1610,1723,1723,1091,1210,1097,1208,1097,1210,1091,1610,1210,706,569,584,569,706,1210,1721,1097,569,65,184,65,569,1097,1608,1208,584,184,0,184,584,1208,1721,1097,569,65,184,65,569,1097,},
/*f7:*/{2877,2764,2747,2762,2745,2760,2745,2762,2245,2236,2251,2234,2249,2232,2249,2234,2236,1732,1723,1610,1721,1608,1721,1610,2251,1723,1091,1210,1097,1208,1097,1210,2234,1610,1210,706,569,584,569,706,2249,1721,1097,569,65,184,65,569,2232,1608,1208,584,184,0,184,584,2249,1721,1097,569,65,184,65,569,},
/*g7:*/{2758,2877,2764,2747,2762,2745,2760,2745,2877,2245,2236,2251,2234,2249,2232,2249,2764,2236,1732,1723,1610,1721,1608,1721,2747,2251,1723,1091,1210,1097,1208,1097,2762,2234,1610,1210,706,569,584,569,2745,2249,1721,1097,569,65,184,65,2760,2232,1608,1208,584,184,0,184,2745,2249,1721,1097,569,65,184,193,},
/*h7:*/{3390,2758,2877,2764,2747,2762,2745,2760,3277,2877,2245,2236,2251,2234,2249,2232,3388,2764,2236,1732,1723,1610,1721,1608,3275,2747,2251,1723,1091,1210,1097,1208,3386,2762,2234,1610,1210,706,569,584,3273,2745,2249,1721,1097,569,65,184,3384,2760,2232,1608,1208,584,184,0,3273,2745,2249,1721,1097,569,65,184,},
/*a8:*/{3384,3273,3386,3275,3388,3277,3390,3399,2760,2745,2762,2747,2764,2877,2758,3390,2232,2249,2234,2251,2236,2245,2877,3277,1608,1721,1610,1723,1732,2236,2764,3388,1208,1097,1210,1091,1723,2251,2747,3275,584,569,706,1210,1610,2234,2762,3386,184,193,569,1097,1721,2249,2745,3273,0,184,584,1208,1608,2232,2760,3384,},
/*b8:*/{3273,3384,3273,3386,3275,3388,3277,3390,2745,2760,2745,2762,2747,2764,2877,2758,2249,2232,2249,2234,2251,2236,2245,2877,1721,1608,1721,1610,1723,1732,2236,2764,1097,1208,1097,1210,1091,1723,2251,2747,569,584,569,706,1210,1610,2234,2762,65,184,65,569,1097,1721,2249,2745,184,0,184,584,1208,1608,2232,2760,},
/*c8:*/{3386,3273,3384,3273,3386,3275,3388,3277,2762,2745,2760,2745,2762,2747,2764,2877,2234,2249,2232,2249,2234,2251,2236,2245,1610,1721,1608,1721,1610,1723,1732,2236,1210,1097,1208,1097,1210,1091,1723,2251,706,569,584,569,706,1210,1610,2234,569,65,184,65,569,1097,1721,2249,584,184,0,184,584,1208,1608,2232,},
/*d8:*/{3275,3386,3273,3384,3273,3386,3275,3388,2747,2762,2745,2760,2745,2762,2747,2764,2251,2234,2249,2232,2249,2234,2251,2236,1723,1610,1721,1608,1721,1610,1723,1732,1091,1210,1097,1208,1097,1210,1091,1723,1210,706,569,584,569,706,1210,1610,1097,569,65,184,65,569,1097,1721,1208,584,184,0,184,584,1208,1608,},
/*e8:*/{3388,3275,3386,3273,3384,3273,3386,3275,2764,2747,2762,2745,2760,2745,2762,2747,2236,2251,2234,2249,2232,2249,2234,2251,1732,1723,1610,1721,1608,1721,1610,1723,1723,1091,1210,1097,1208,1097,1210,1091,1610,1210,706,569,584,569,706,1210,1721,1097,569,65,184,65,569,1097,1608,1208,584,184,0,184,584,1208,},
/*f8:*/{3277,3388,3275,3386,3273,3384,3273,3386,2877,2764,2747,2762,2745,2760,2745,2762,2245,2236,2251,2234,2249,2232,2249,2234,2236,1732,1723,1610,1721,1608,1721,1610,2251,1723,1091,1210,1097,1208,1097,1210,2234,1610,1210,706,569,584,569,706,2249,1721,1097,569,65,184,65,569,2232,1608,1208,584,184,0,184,584,},
/*g8:*/{3390,3277,3388,3275,3386,3273,3384,3273,2758,2877,2764,2747,2762,2745,2760,2745,2877,2245,2236,2251,2234,2249,2232,2249,2764,2236,1732,1723,1610,1721,1608,1721,2747,2251,1723,1091,1210,1097,1208,1097,2762,2234,1610,1210,706,569,584,569,2745,2249,1721,1097,569,65,184,65,2760,2232,1608,1208,584,184,0,184,},
/*h8:*/{3399,3390,3277,3388,3275,3386,3273,3384,3390,2758,2877,2764,2747,2762,2745,2760,3277,2877,2245,2236,2251,2234,2249,2232,3388,2764,2236,1732,1723,1610,1721,1608,3275,2747,2251,1723,1091,1210,1097,1208,3386,2762,2234,1610,1210,706,569,584,3273,2745,2249,1721,1097,569,193,184,3384,2760,2232,1608,1208,584,184,0,},
